hour,month,crime_count
0,1,3996
0,2,3558
0,3,3554
0,4,3352
0,5,3379
0,6,3283
0,7,3494
0,8,3530
0,9,3216
0,10,3273
0,11,2953
0,12,2880
1,1,2746
1,2,2472
1,3,2482
1,4,2412
1,5,2444
1,6,2445
1,7,2696
1,8,2556
1,9,2414
1,10,2572
1,11,2316
1,12,2206
2,1,2243
2,2,2186
2,3,2017
2,4,2017
2,5,2075
2,6,2204
2,7,2198
2,8,2113
2,9,2082
2,10,2199
2,11,1962
2,12,1918
3,1,2080
3,2,1753
3,3,1877
3,4,1865
3,5,1847
3,6,1873
3,7,1881
3,8,1848
3,9,1900
3,10,1843
3,11,1744
3,12,1680
4,1,1681
4,2,1580
4,3,1608
4,4,1523
4,5,1561
4,6,1566
4,7,1677
4,8,1606
4,9,1492
4,10,1594
4,11,1521
4,12,1348
5,1,1603
5,2,1448
5,3,1450
5,4,1377
5,5,1456
5,6,1548
5,7,1452
5,8,1406
5,9,1346
5,10,1451
5,11,1378
5,12,1375
6,1,2122
6,2,2026
6,3,1881
6,4,1746
6,5,1857
6,6,1808
6,7,1945
6,8,1873
6,9,1787
6,10,2067
6,11,1969
6,12,2104
7,1,2330
7,2,2285
7,3,2164
7,4,2080
7,5,2117
7,6,2128
7,7,2217
7,8,2234
7,9,2206
7,10,2347
7,11,2080
7,12,2079
8,1,3426
8,2,3273
8,3,3234
8,4,3134
8,5,3091
8,6,2961
8,7,3098
8,8,3112
8,9,3021
8,10,3107
8,11,2918
8,12,2874
9,1,3282
9,2,3296
9,3,3184
9,4,3054
9,5,2974
9,6,2927
9,7,3031
9,8,3046
9,9,3063
9,10,3045
9,11,2925
9,12,2697
10,1,3887
10,2,3635
10,3,3737
10,4,3622
10,5,3479
10,6,3436
10,7,3660
10,8,3648
10,9,3525
10,10,3655
10,11,3402
10,12,3341
11,1,4085
11,2,3692
11,3,3866
11,4,3671
11,5,3547
11,6,3585
11,7,3619
11,8,3636
11,9,3480
11,10,3625
11,11,3480
11,12,3380
12,1,6342
12,2,5829
12,3,6052
12,4,5825
12,5,5630
12,6,5620
12,7,5502
12,8,5741
12,9,5391
12,10,5440
12,11,5192
12,12,5249
13,1,4221
13,2,3900
13,3,4084
13,4,3849
13,5,3761
13,6,3642
13,7,3793
13,8,3811
13,9,3643
13,10,3724
13,11,3535
13,12,3624
14,1,4602
14,2,4252
14,3,4401
14,4,4160
14,5,4164
14,6,3855
14,7,4060
14,8,4022
14,9,3971
14,10,4020
14,11,3848
14,12,3946
15,1,4995
15,2,4602
15,3,4851
15,4,4482
15,5,4306
15,6,4229
15,7,4259
15,8,4348
15,9,4160
15,10,4339
15,11,4169
15,12,4084
16,1,4943
16,2,4807
16,3,4822
16,4,4453
16,5,4390
16,6,4250
16,7,4273
16,8,4302
16,9,4140
16,10,4233
16,11,4123
16,12,4240
17,1,5508
17,2,5160
17,3,5185
17,4,5061
17,5,4943
17,6,4658
17,7,4826
17,8,4800
17,9,4497
17,10,4830
17,11,4682
17,12,4661
18,1,5845
18,2,5191
18,3,5247
18,4,5086
18,5,4826
18,6,4659
18,7,4867
18,8,4827
18,9,4702
18,10,4890
18,11,4948
18,12,4870
19,1,5279
19,2,5046
19,3,4884
19,4,4503
19,5,4444
19,6,4440
19,7,4445
19,8,4524
19,9,4406
19,10,4794
19,11,4387
19,12,4445
20,1,5172
20,2,4753
20,3,5109
20,4,4639
20,5,4556
20,6,4476
20,7,4510
20,8,4552
20,9,4681
20,10,4884
20,11,4533
20,12,4485
21,1,4529
21,2,4206
21,3,4402
21,4,4157
21,5,4392
21,6,4146
21,7,4379
21,8,4213
21,9,4238
21,10,4373
21,11,3990
21,12,3768
22,1,4212
22,2,4029
22,3,4057
22,4,4037
22,5,4215
22,6,4113
22,7,4396
22,8,4365
22,9,4152
22,10,4175
22,11,3695
22,12,3657
23,1,3572
23,2,3422
23,3,3670
23,4,3413
23,5,3559
23,6,3530
23,7,3684
23,8,3737
23,9,3502
23,10,3647
23,11,3228
23,12,3315
